6 6
1 2 1 10
0 2 0 10
-1 2 -1 10
-2 2 -2 10
-3 2 -3 10
-4 2 -4 10
-5 2 -5 10
-6 2 -6 10
-7 2 -7 10
-8 2 -8 10
-9 2 -9 10
-10 2 -10 10
-11 2 -11 10
-12 2 -12 10
-13 2 -13 10
-14 2 -14 10
-15 2 -15 10
-16 2 -16 10
-17 2 -17 10
-18 2 -18 10
3 2 3 5
3 7 3 10
6 4 9 7
7 4 9 6
7 10 11 8
5 11 12 11 
6 12 12 12 
6 13 12 13
6 14 12 14
6 15 12 15
6 16 12 16
6 17 12 17
6 18 12 18
6 19 12 19
6 20 12 20
6 21 12 21
6 22 12 22
6 23 12 23
6 24 12 24
6 25 12 25
6 26 12 26
6 27 12 27
6 28 12 28
6 29 12 29
6 30 12 30
6 31 12 31
